;Exported by: sk
;Date:        Tue Feb 14 19:52:42 2006
;File:        D:\-Projects1_5-\-3DWork-\-Model-\Soldier\Eng_crew\gb_crew.max
{Skeleton
	{extension "/properties/animation/human/human_anm.ext"}
	{bone revolute "basis"
		{limits -30 30}
		{speed 0.1}
		{Orientation
			1	0	0
			0	-1	0
			0	0	1
		}
		{bone "body"
			{Matrix34
				0	0	1
				0	-1	0
				1	0	0
				0	0.0344553	19.9224
			}
			{bone "foot1l"
				{Matrix34
					-0.993535	-0.0202547	0.111703
					0.111666	0.00297584	0.993741
					0.0204604	-0.99979	0.000694824
					-0.143509	-2.13095	-0.488995
				}
				{bone "foot2l"
					{Matrix34
						0.952385	-0.304899	-0.000108002
						0.304899	0.952385	-4.08264e-005
						0.000115287	0	1
						9.37838	-0.0471724	0
					}
					{bone "bone06"
						{Matrix34
							0.22138	0.973964	0.0488401
							-0.972284	0.216583	0.0880677
							0.0751968	-0.0669829	0.994916
							8.74023	0.113252	0.00567923
						}
					}
					{bone "foot3l"
						{Matrix34
							0.0905576	0.979615	0.179314
							0.00345643	-0.180362	0.983594
							0.995885	-0.0884523	-0.0197191
							9.2003	-0.346289	-0.072997
						}
						{bone "bone07"
							{Position 2.60015	0	0}
						}
					}
				}
			}
			{bone "foot1r"
				{Matrix34
					-0.993573	0.0113964	0.112617
					0.112605	-0.0016877	0.993638
					0.0115138	0.999934	0.000393569
					-0.143518	2.17103	-0.488755
				}
				{bone "foot2r"
					{Matrix34
						0.951792	-0.306743	-0.000104386
						0.306743	0.951792	-3.94955e-005
						0.000111691	0	1
						9.37831	-0.0472316	0
					}
					{bone "bone03"
						{Matrix34
							0.221381	0.973964	0.04884
							-0.972284	0.216582	0.0880676
							0.075197	-0.0669829	0.994916
							8.74023	0.113253	0.0056804
						}
					}
					{bone "foot3r"
						{Matrix34
							0.0880249	0.974738	0.205275
							0.00721153	0.205446	-0.978642
							-0.996092	0.0876249	0.0110547
							9.2003	-0.346288	-0.0729958
						}
						{bone "bone05"
							{Position 2.60015	0	0}
						}
					}
				}
			}
			{bone revolute "ik_leftright"
				{limits -20 20}
				{speed 0.1}
				{Matrix34
					0	0	1
					0	-1	0
					1	0	0
					1.90368	0.0344548	0
				}
				{bone revolute "ik_updown"
					{limits -40 20}
					{speed 0.1}
					{Matrix34
						1	0	0
						0	0	1
						0	-1	0
						0	0	1.66801
					}
					{bone "head"
						{Matrix34
							1	0	0
							0	0	-1
							0	1	0
							0	7.21458	0
						}
						{bone "visor"
							{Matrix34
								1	0	0
								0	1	0
								0	0	1
								2.31916	0	2.33291
							}
						}
					}
					{bone "gun_back"
						{Matrix34
							0.00647827	0.996053	0.0885295
							-0.106389	0.0887156	-0.990359
							-0.994303	-0.00300278	0.106544
							-4.16774	-4.2536	2.42593
						}
					}
					{bone "clavicle_right"
						{Position -0.13918	6.12487	1.17253}
						{bone "hand1r"
							{Matrix34
								-0.139908	-0.964538	0.223815
								0.8542	-0.23189	-0.465371
								0.500768	0.126073	0.856351
								0.0503405	-0.225974	2.95337
							}
							{bone "hand2r"
								{Matrix34
									0.941579	0.336792	0
									-0.336792	0.941579	0
									0	0	1
									6.26813	0	0
								}
								{bone "hand3r"
									{Matrix34
										0.982611	-0.185677	0
										0.185676	0.982611	0
										0	0	1
										5.19218	0	0
									}
								}
								{bone "right_hand"
									{Matrix34
										0.997179	0.0750639	0.000306329
										-0.0690742	0.915993	0.395203
										0.0293851	-0.394109	0.918594
										6.26416	1.39944	0.337036
									}
								}
								{bone "hand_rot1r"
									{Matrix34
										0.0033359	-0.999958	0.00855793
										-0.999992	-0.00331784	0.00210724
										-0.00207877	-0.00856494	-0.999961
										5.19225	0	0
									}
									{visibility 0}
									{bone "palm1r"
										{Matrix34
											-0.987462	-0.121604	-0.100652
											-0.0703691	-0.231655	0.97025
											-0.141302	0.965167	0.220194
											0.12139	-0.163001	0.149547
										}
										{visibility 0}
										{bone "palm2r_hide"
											{Matrix34
												-0.0075656	0.507049	-0.861883
												0.00245855	0.861915	0.507047
												0.999968	0.00171792	-0.00776993
												0.146144	0.242284	-1.25751
											}
											{visibility 0}
											{bone "palm3r_hide"
												{Matrix34
													0.576833	0.816862	0
													-0.816862	0.576833	0
													0	0	1
													0.58188	-0.000115036	0
												}
												{visibility 0}
												{bone "palm4r_hide"
													{Matrix34
														1	0	0
														0	1	0
														0	0	1
														0.534459	0	0
													}
													{visibility 0}
												}
											}
										}
										{bone "palm2r"
											{Matrix34
												-0.00756741	0.50705	-0.861883
												0.00245775	0.861916	0.507046
												0.999968	0.00171632	-0.00776881
												0.146144	0.242285	-1.25751
											}
											{visibility 0}
											{bone "palm3r"
												{Matrix34
													0.576833	0.816863	0
													-0.816862	0.576832	0
													0	0	1
													0.58188	-0.000115261	0
												}
												{visibility 0}
											}
										}
									}
								}
							}
						}
					}
					{bone "clavicle_left"
						{Position -0.13918	6.12487	-1.18112}
						{bone "hand1l"
							{Matrix34
								-0.17574	-0.948524	-0.263473
								0.850453	-0.281083	0.444659
								-0.495827	-0.145928	0.856073
								0.0503408	-0.225974	-2.95273
							}
							{bone "hand2l"
								{Matrix34
									0.864419	0.502773	0
									-0.502773	0.864419	0
									0	0	1
									6.26813	0	0
								}
								{bone "hand3l"
									{Matrix34
										0.982611	-0.185677	0
										0.185677	0.982611	0
										0	0	1
										5.19218	0	0
									}
								}
								{bone "left_hand"
									{Matrix34
										0.275672	0.823505	-0.495827
										0.00418853	-0.516838	-0.856073
										-0.961242	0.233919	-0.145927
										5.99778	-0.667303	0.409924
									}
								}
								{bone "hand_rot1l"
									{Matrix34
										0.00130216	-0.999931	0.0116371
										-0.999999	-0.00131429	-0.00103847
										0.00105358	-0.0116363	-0.999932
										5.25744	-0.000656051	-0.00162079
									}
									{bone "palm1l"
										{Matrix34
											0.965404	0.249251	-0.0766089
											-0.0261254	-0.199861	-0.979476
											-0.259446	0.947591	-0.186436
											0.0886898	-0.337659	-0.0916094
										}
										{bone "palm2l"
											{Matrix34
												-0.00583927	0.491345	-0.870945
												-0.00450489	-0.870965	-0.491325
												-0.999973	0.0010554	0.00729822
												-0.0738367	0.242492	-1.26342
											}
											{bone "palm3l"
												{Matrix34
													0.578449	-0.815719	0
													0.815719	0.578449	0
													0	0	1
													0.578554	0.00016544	0
												}
											}
										}
										{bone "palm2l_hide"
											{Matrix34
												-0.00583935	0.491344	-0.870946
												-0.0045043	-0.870964	-0.491326
												-0.999973	0.00105595	0.00729826
												-0.0738368	0.242492	-1.26342
											}
											{bone "palm3l_hide"
												{Matrix34
													0.578448	-0.815719	0
													0.815719	0.578449	0
													0	0	1
													0.578554	0.000165932	0
												}
												{bone "palm4l_hide"
													{Matrix34
														1	0	0
														0	1	0
														0	0	1
														0.511901	-3.44624e-005	0
													}
												}
											}
										}
									}
								}
							}
						}
					}
				}
			}
			{bone revolute "placement"
				{Matrix34
					0	1	0
					-1	0	0
					0	0	1
					0.783108	0	0
				}
			}
		}
		{bone "ik_chain05"
			{Position -0.156063	-5.80921	18.2262}
		}
		{bone "ik_chain03"
			{Matrix34
				1	0	0
				0	-1	0
				0	0	1
				-1.09561	2.53715	1.86587
			}
		}
		{bone "ik_chain04"
			{Matrix34
				1	0	0
				0	-1	0
				0	0	1
				3.29347	3.4301	0.0514984
			}
		}
		{bone "ik_chain02"
			{Position 3.29347	-3.36689	0.0514994}
		}
		{bone "ik_chain01"
			{Position -1.09561	-2.34785	1.86587}
		}
		{bone "ik_chain06"
			{Position 0.240946	5.80709	18.4566}
		}
		{bone revolute "foresight2rot"
			{limits -20 20}
			{speed 0.1}
			{Position 13.7429	0.0246876	27.5947}
		}
		{bone "palm_ik_holder_right02"
			{Matrix34
				0.155953	-0.0540058	-0.986287
				0.851416	0.513563	0.106506
				0.500768	-0.856351	0.126073
				-0.965802	-5.5288	23.3471
			}
			{bone "palm_ik_holder_right01"
				{Matrix34
					0.00333612	-0.999958	0.00855829
					-0.999992	-0.00331785	0.00210736
					-0.00207879	-0.00856506	-0.999961
					5.19224	0	0
				}
				{bone "palm_ik_holder_right"
					{Matrix34
						-0.987462	-0.121604	-0.100652
						-0.0703696	-0.231656	0.970249
						-0.141303	0.965168	0.220194
						0.119855	-0.164879	0.148729
					}
					{bone "ik_chain07"
						{Matrix34
							0.999955	0.00324056	-0.00886279
							2.75404e-005	0.938188	0.346125
							0.00943687	-0.34611	0.938147
							0.138651	1.07072	-1.80207
						}
					}
				}
			}
		}
		{bone "palm_ik_holder_left02"
			{Matrix34
				0.275672	0.00418844	-0.961243
				0.823505	-0.516838	0.233919
				-0.495827	-0.856073	-0.145927
				-1.1904	5.78534	23.4475
			}
			{bone "palm_ik_holder_left01"
				{Matrix34
					0.00130223	-0.999931	0.0116372
					-0.999999	-0.00131426	-0.00103836
					0.00105358	-0.0116359	-0.999932
					5.25744	-0.000657075	-0.0016215
				}
				{bone "palm_ik_holder_left"
					{Matrix34
						0.965404	0.249251	-0.0766093
						-0.0261251	-0.199862	-0.979476
						-0.259446	0.947591	-0.186435
						0.0856137	-0.338798	-0.0894642
					}
					{bone "ik_chain08"
						{Matrix34
							0.999967	-0.00286279	0.00758447
							0.000204299	0.944171	0.329455
							-0.00810428	-0.329442	0.944141
							-0.0736465	1.03671	-1.8188
						}
					}
				}
			}
		}
		{bone "skin"
			{Matrix34
				0.906308	0	-0.422618
				0	-1	0
				0.422618	0	0.906308
				0.992398	-6.89244e-005	26.9396
			}
			{VolumeView "skin.ply"}
		}
	}
}
