;Exported by: sana
;Date:        Fri Apr 07 17:15:35 2006
;File:        \\SERGIENKO\D$\-PROJE~1\3dwork\anima\EQUIPM~1\helmets\rus\RUSCAP~1\rus_cap.max
{Skeleton
	{bone "falange_cap"
		{Orientation
			1	0	0
			0	-1	0
			0	0	1
		}
	        {VolumeView "falange_cap.ply"}
		{bone "handle"
			{Matrix34
				1	0	0
				0	-0.485408	0.874288
				0	-0.874288	-0.485408
				-0.129911	-1.38928	3.89354
			}
		}
	}
}
{Volume "body"
	{Box 3.77357 2.7718 2.16867}
	{Bone "falange_cap"}
	{Matrix34
		1	0	-0.000711635
		0.000158492	0.974859	0.22282
		0.000693761	-0.22282	0.974859
		-0.159447	-0.221431	4.66674
	}
}
{Volume "select"
	{Box 5.20374 3.83773 3.14212}
	{Bone "falange_cap"}
	{Matrix34
		0.999998	0	-0.00175481
		0.000402124	0.97338	0.229197
		0.00170812	-0.229197	0.973378
		-0.174457	-0.326202	4.82279
	}
}
{Extender "preview"
	{"Stuff"
		{camera
			{origin 4.90164	2.01018	5.4416}
			{lookat -3.94356	-1.47505	3.22745}
			{fov 45}
			{horizon 0.034264}
		}
		{lights
			{"0"
				{type spot}
				{position 11.4031	9.4027	14.042}
				{direction -0.306765	-0.264687	-0.292978}
				{theta 1.3}
				{phi 8.4}
			}
			{"1"
				{type point}
				{position 2.68615	0.717104	3.45572}
			}
		}
	}
	{"Stuff_primary"
		{camera
			{origin 8.39376	3.39923	6.48437}
			{lookat -3.98244	-1.4773	3.38632}
			{fov 45}
			{horizon 0.034264}
		}
		{lights
			{"0"
				{type spot}
				{position 11.4031	9.4027	14.042}
				{direction -0.306765	-0.264687	-0.292978}
				{theta 1.3}
				{phi 8.4}
			}
			{"1"
				{type point}
				{position 2.68615	0.717104	3.45572}
			}
		}
	}
	{"Stuff_secondary"
		{camera
			{origin 5.55717	2.28157	5.7259}
			{lookat -3.9725	-1.47336	3.34041}
			{fov 45}
			{horizon 0.034264}
		}
		{lights
			{"0"
				{type spot}
				{position 11.4031	9.4027	14.042}
				{direction -0.306765	-0.264687	-0.292978}
				{theta 1.3}
				{phi 8.4}
			}
			{"1"
				{type point}
				{position 2.68615	0.717104	3.45572}
			}
		}
	}
}
