;Exported by: sk
;Date:        Mon Mar 31 16:18:02 2008
;File:        D:\-Projects1_5-\-3DWork-\-Model-\Soldier\Us_tankman\us tankman_afr.max
{Skeleton
	{extension "/properties/animation/human/human_anm.ext"}
	{bone revolute "basis"
		{limits -30 30}
		{speed 0.1}
		{Orientation
			1	0	0
			0	-1	0
			0	0	1
		}
		{bone "body"
			{Matrix34
				0	0	1
				0	-1	0
				1	0	0
				0	0.0344553	19.9224
			}
			{bone "foot1l"
				{Matrix34
					-0.993535	-0.0202547	0.111703
					0.111666	0.00297584	0.993741
					0.0204604	-0.99979	0.000694829
					-0.143509	-2.13095	-0.488995
				}
				{bone "foot2l"
					{Matrix34
						0.952385	-0.304899	-0.000108004
						0.304899	0.952385	-4.08255e-005
						0.0001153	0	1
						9.37838	-0.0471724	0
					}
					{bone "bone06"
						{Matrix34
							0.22138	0.973964	0.0488401
							-0.972284	0.216583	0.0880677
							0.0751968	-0.0669829	0.994916
							8.74023	0.113252	0.00567937
						}
					}
					{bone "foot3l"
						{Matrix34
							0.0905581	0.979615	0.179314
							0.00345631	-0.180362	0.983594
							0.995885	-0.0884531	-0.0197191
							9.2003	-0.34629	-0.0729969
						}
						{bone "bone07"
							{Position 2.60015	0	0}
						}
					}
				}
			}
			{bone "foot1r"
				{Matrix34
					-0.993573	0.0113964	0.112617
					0.112605	-0.0016877	0.993638
					0.0115138	0.999934	0.000393572
					-0.143518	2.17103	-0.488755
				}
				{bone "foot2r"
					{Matrix34
						0.951792	-0.306744	-0.000104403
						0.306744	0.951792	-3.95044e-005
						0.000111662	0	1
						9.37831	-0.0472316	0
					}
					{bone "bone03"
						{Matrix34
							0.221381	0.973964	0.04884
							-0.972284	0.216582	0.0880676
							0.0751969	-0.066983	0.994917
							8.74023	0.113252	0.00567985
						}
					}
					{bone "foot3r"
						{Matrix34
							0.0880245	0.974738	0.205275
							0.00721196	0.205446	-0.978642
							-0.996092	0.0876248	0.0110543
							9.2003	-0.346289	-0.0729966
						}
						{bone "bone05"
							{Position 2.60015	0	0}
						}
					}
				}
			}
			{bone revolute "ik_leftright"
				{limits -20 20}
				{speed 0.1}
				{Matrix34
					0	0	1
					0	-1	0
					1	0	0
					1.90368	0.0344548	0
				}
				{bone revolute "ik_updown"
					{limits -40 20}
					{speed 0.1}
					{Matrix34
						1	0	0
						0	0	1
						0	-1	0
						0	0	1.66801
					}
					{bone "head"
						{Matrix34
							1	0	0
							0	0	-1
							0	1	0
							0	7.21458	0
						}
						{bone "visor"
							{Matrix34
								1	0	0
								0	1	0
								0	0	1
								2.31916	0	2.33291
							}
						}
					}
					{bone "gun_back"
						{Matrix34
							0.0064783	0.996053	0.0885295
							-0.106389	0.0887156	-0.990359
							-0.994303	-0.00300279	0.106544
							-4.16774	-4.2536	2.42593
						}
					}
					{bone "clavicle_right"
						{Position -0.13918	6.12487	1.17253}
						{bone "hand1r"
							{Matrix34
								-0.139908	-0.964537	0.223815
								0.8542	-0.23189	-0.465371
								0.500768	0.126074	0.856351
								0.0503405	-0.225973	2.95337
							}
							{bone "hand2r"
								{Matrix34
									0.941579	0.336793	0
									-0.336793	0.941579	0
									0	0	1
									6.26813	0	0
								}
								{bone "hand3r"
									{Matrix34
										0.982611	-0.185677	0
										0.185676	0.982611	0
										0	0	1
										5.19218	0	0
									}
								}
								{bone "right_hand"
									{Matrix34
										0.997179	0.075064	0.000306308
										-0.0690742	0.915993	0.395203
										0.0293851	-0.394109	0.918594
										6.26416	1.39944	0.337036
									}
								}
								{bone "hand_rot1r"
									{Matrix34
										0.00333592	-0.999958	0.00855796
										-0.999992	-0.0033179	0.00210724
										-0.00207873	-0.0085649	-0.999961
										5.19225	0	0
									}
									{visibility 0}
									{bone "palm1r"
										{Matrix34
											-0.987462	-0.121604	-0.100652
											-0.0703693	-0.231655	0.97025
											-0.141302	0.965168	0.220194
											0.12139	-0.163	0.149547
										}
										{visibility 0}
										{bone "palm2r"
											{Matrix34
												-0.00753932	0.507042	-0.861888
												0.00241425	0.86192	0.507039
												0.999969	0.00173952	-0.00772295
												0.146145	0.242286	-1.25751
											}
											{visibility 0}
											{bone "palm3r"
												{Matrix34
													0.576833	0.816863	0
													-0.816862	0.576832	0
													0	0	1
													0.581881	-0.000114918	0
												}
												{visibility 0}
											}
										}
									}
								}
							}
						}
					}
					{bone "clavicle_left"
						{Position -0.13918	6.12487	-1.18112}
						{bone "hand1l"
							{Matrix34
								-0.17574	-0.948524	-0.263473
								0.850453	-0.281083	0.444659
								-0.495827	-0.145928	0.856073
								0.0503408	-0.225973	-2.95273
							}
							{bone "hand2l"
								{Matrix34
									0.864418	0.502773	0
									-0.502773	0.864418	0
									0	0	1
									6.26812	0	0
								}
								{bone "hand3l"
									{Matrix34
										0.982611	-0.185677	0
										0.185677	0.982611	0
										0	0	1
										5.19218	0	0
									}
								}
								{bone "left_hand"
									{Matrix34
										0.275672	0.823505	-0.495827
										0.00418849	-0.516838	-0.856073
										-0.961242	0.233919	-0.145927
										5.99778	-0.667302	0.409925
									}
								}
								{bone "hand_rot1l"
									{Matrix34
										0.00130197	-0.999931	0.0116372
										-0.999999	-0.00131443	-0.00103839
										0.00105357	-0.0116362	-0.999932
										5.25744	-0.000655651	-0.00162125
									}
									{bone "palm1l"
										{Matrix34
											0.965404	0.249251	-0.0766089
											-0.0261253	-0.199861	-0.979476
											-0.259446	0.947591	-0.186436
											0.0886896	-0.33766	-0.091609
										}
										{bone "palm2l"
											{Matrix34
												-0.00577648	0.49134	-0.870949
												-0.00434642	-0.870968	-0.491321
												-0.999974	0.000948217	0.00716568
												-0.0738366	0.242494	-1.26342
											}
											{bone "palm3l"
												{Matrix34
													0.578449	-0.815719	0
													0.815719	0.578449	0
													0	0	1
													0.578552	0.000165462	0
												}
											}
										}
									}
								}
							}
						}
					}
				}
			}
			{bone revolute "placement"
				{Matrix34
					0	1	0
					-1	0	0
					0	0	1
					0.783108	0	0
				}
			}
		}
		{bone revolute "foresight2rot"
			{limits -20 20}
			{speed 0.1}
			{Position 13.7429	0.0246876	27.5947}
		}
		{bone "skin"
			{Matrix34
				0.906308	0	-0.422618
				0	-1	0
				0.422618	0	0.906308
				-0.115372	-6.89244e-005	26.9396
			}
			{VolumeView "skin.ply"}
		}
	}
}
