;Exported by: dp
;Date:        Fri Oct 12 17:07:19 2012
;File:        C:\Users\dp\Desktop\DesktopArch10\boat1.max
{Skeleton
	{animation
		{sequence "drift" {speed 0.25}}
		{sequence "move"{speed 0.55}}
	}
	{bone "basis"
		{Orientation
			1	0	0
			0	-1	0
			0	0	1
		}
		{bone "emit1"
			{Matrix34
				-0.691184	-0.722679	0
				0.722676	-0.691182	0.00255544
				-0.00184676	0.00176628	0.999997
				57.6991	26.1696	9.6592
			}
		}
		{bone "emit3"
			{Matrix34
				0	1	0
				-0.999997	0	0.00255544
				0.00255544	0	0.999997
				-7.62847	-32.3576	-0.158867
			}
		}
		{bone "emit2"
			{Matrix34
				-0.00149827	-0.999999	0
				0.999996	-0.00149826	0.00255544
				-0.00255544	0	0.999997
				-6.94984	33.9974	0.0235206
			}
		}
		{bone "body"
			{parameters "ID=body;"}
			{Matrix34
				0.999873	0.0159436	4.10084e-005
				-0.0159437	0.99987	0.00255537
				0	-0.0025557	0.999997
				-0.0511173	-0.197742	2.36823
			}
			{VolumeView "body.ply"}
			{bone "seats"
				{parameters "ID=body;"}
				{Position 6.16301	-145.618	127.076}
				{VolumeView "seats.ply"}
			}
			{bone "oar_left"
				{parameters "ID=body;"}
				{Matrix34
					-0.500685	0.574472	0.647531
					0.353233	0.818522	-0.453043
					-0.790279	0.0018976	-0.612744
					-3.82608	18.3435	19.2318
				}
				{VolumeView "oar_left.ply"}
			}
			{bone "oar_right"
				{parameters "ID=body;"}
				{Matrix34
					-0.518745	-0.558217	0.647532
					0.326957	-0.829368	-0.453043
					-0.789938	0.023299	-0.612744
					-4.40005	-17.6519	19.2318
				}
				{VolumeView "oar_left.ply"}
			}
			{bone "fx_bulb_small_back1"
				{Matrix34
					-0.858856	0.512218	0
					-0.512218	-0.858856	0
					0	0	1
					-38.6245	6.81834	-2.2004
				}
			}
			{bone "fx_bulb_small_back2"
				{Matrix34
					-0.956272	-0.292478	0
					0.292478	-0.956272	0
					0	0	1
					-38.8144	-5.09272	-2.20041
				}
			}
			{bone "fx_bulb_small_center1"
				{Matrix34
					0.00475436	0.999989	0
					-0.999989	0.00475436	0
					0	0	1
					-0.117356	20.1041	-2.2004
				}
			}
			{bone "fx_bulb_small_center2"
				{Matrix34
					-0.0139633	-0.999903	0
					0.999902	-0.0139633	0
					0	0	1
					-1.62838	-21.2875	-2.20041
				}
			}
			{bone "fx_bulb_small_front1"
				{Matrix34
					0.590482	0.807051	0
					-0.807051	0.590482	0
					0	0	1
					42.3181	12.903	-2.2004
				}
			}
			{bone "fx_bulb_small_front2"
				{Matrix34
					0.528101	-0.849182	0
					0.849182	0.528101	0
					0	0	1
					40.4615	-14.5832	-2.20041
				}
			}
			{bone "driver"
				{Matrix34
					-0.999394	0.034812	0
					-0.0348115	-0.999394	0
					0	0	1
					-8.6982	6.27419	3.67813
				}
			}
			{bone "commander"
				{Matrix34
					-0.999938	0.0111305	0
					-0.01113	-0.999938	0
					0	0	1
					-8.92418	-6.94066	3.54667
				}
			}
			{bone "passenger2"
				{Matrix34
					-0.999719	0.0237025	0
					-0.0237025	-0.999719	0
					0	0	1
					15.5254	6.36426	3.65706
				}
			}
			{bone "passenger3"
				{Matrix34
					-0.99985	0.0173261	0
					-0.0173261	-0.99985	0
					0	0	1
					15.4495	-6.64296	3.63621
				}
			}
			{bone "passenger4"
				{Matrix34
					0.999873	-0.0159438	0
					0.0159438	0.999873	0
					0	0	1
					-25.2679	5.6635	4.79341
				}
			}
			{bone "passenger5"
				{Matrix34
					0.999873	-0.0159438	0
					0.0159438	0.999873	0
					0	0	1
					-25.5498	-5.22666	4.79341
				}
			}
			{bone "pivot_front"
				{Matrix34
					0.999873	-0.0159438	0
					0.0159438	0.999873	0
					0	0	1
					33.3747	-0.402103	-2.4449
				}
			}
			{bone "pivot_back"
				{Matrix34
					0.999873	-0.0159438	0
					0.0159438	0.999873	0
					0	0	1
					-17.1683	0.0436271	-2.44489
				}
			}
			{bone "visor"
				{Matrix34
					0.999873	-0.0159438	0
					0	0	1
					-0.0159438	-0.999873	0
					8.11288	0.0623507	25.9855
				}
			}
			{bone revolute "turret"
				{parameters "ID=mgun;"}
				{Matrix34
					0.999873	-0.0159433	0
					0.0159433	0.999873	0
					0	0	1
					37.274	-0.56703	20.9486
				}
				{bone revolute "gun_rot"
					{Matrix34
						1	0	0
						0	0	1
						0	-1	0
						0.0545082	0.984122	5.05446
					}
					{bone "visor2"
						{Position 2.9047	2.25829	0.819755}
					}
					{bone revolute "mgun"
						{Position 0	0	0}
					}
				}
				{bone "gunner"
					{Matrix34
						0.999982	-0.00603346	0
						0.00603292	0.999982	0
						0	0	1
						-9.92009	0.821997	-14.9654
					}
				}
			}
		}
		{bone "emit4"
			{Matrix34
				0	-1	0
				0.999997	0	0.00255556
				-0.00255556	0	0.999997
				16.5626	33.152	0.00855028
			}
		}
		{bone "emit5"
			{Matrix34
				0.00319154	0.999995	0
				-0.999992	0.00319153	0.00255556
				0.00255555	0	0.999997
				16.797	-32.8009	-0.159997
			}
		}
		{bone "emit6"
			{Matrix34
				-0.73952	0.673135	0
				-0.673133	-0.739517	0.00255556
				0.00172024	0.00188989	0.999997
				59.5244	-24.2633	9.53032
			}
		}
	}
}
{Volume "body"
	{Polyhedron "body.vol"}
	{Bone "body"}
	{Matrix34
		0.999873	-0.0159438	0
		0.0159438	0.999873	0
		0	0	1
		7.62326	-0.310978	-2.20041
	}
}
