;Exported by: butyvsky
;Date:        Tue Feb 21 14:58:34 2006
;File:        D:\-Projects-\-3D Work-\Car\ba11\ba11_x.max
{Skeleton
	{bone "basis"
		{parameters "WheelRadius=0.3;"}
		{Orientation
			1	0	0
			0	-1	0
			0	0	1
		}
		{bone "pivot_front"
			{parameters "ID=body;"}
			{Matrix34
				1	0	0
				0	0	1
				0	1	0
				46.9818	0.221251	8.88321
			}
			{VolumeView "pivot_front.ply"}
			{bone "steer_r1"
				{Matrix34
					1	0	0
					0	0	-1
					0	-1	0
					-0.0307002	0.160922	-13.2995
				}
				{bone "wheelr1"
					{parameters "ID=wheelright1;"}
					{Matrix34
						1	0	0
						0	0.121857	0.992548
						0	-0.992548	0.121857
						0	-0.180476	0
					}
					{VolumeView "wheelr1.ply"}
				}
			}
			{bone "steer_l1"
				{Matrix34
					1	0	0
					0	0	-1
					0	-1	0
					-0.0307012	0.160916	13.0751
				}
				{bone "wheell1"
					{parameters "ID=wheelleft1;"}
					{Matrix34
						0.0871553	0	-0.996195
						0.996195	0	0.0871553
						0	1	0
						0	0.0554635	0
					}
					{VolumeView "wheell1.ply"}
				}
			}
		}
		{bone "pivot_back"
			{parameters "ID=body;"}
			{Matrix34
				1	0	0
				0	0	1
				0	1	0
				-22.5429	-0.227604	8.39672
			}
			{VolumeView "pivot_back.ply"}
			{bone "wheell3"
				{parameters "ID=wheelleft3;"}
				{Matrix34
					-0.252803	0.963633	-0.0866118
					0.964346	0.258205	0.058019
					-0.0782726	0.0688564	0.994551
					-9.51951	0.0226688	17.7871
				}
				{VolumeView "wheell3.ply"}
			}
			{bone "wheell2"
				{parameters "ID=wheelleft2;"}
				{Matrix34
					-1	0	0
					0	0.997703	-0.0677337
					0	0.0677337	0.997703
					10.8942	0.0226688	17.7871
				}
				{VolumeView "wheell2.ply"}
			}
			{bone "wheelr2"
				{parameters "ID=wheelright2;"}
				{Matrix34
					-0.34202	-0.939693	0
					-0.939693	0.34202	0
					0	0	-1
					10.8942	0.0226746	-17.3209
				}
				{VolumeView "wheelr2.ply"}
			}
			{bone "wheelr3"
				{parameters "ID=wheelright3;"}
				{Matrix34
					0.564566	-0.82429	0.0425581
					-0.808398	-0.562617	-0.173077
					0.166609	0.0633093	-0.983988
					-9.51949	0.0226746	-17.3209
				}
				{VolumeView "wheelr3.ply"}
			}
		}
		{bone "body"
			{parameters "ID=body;"}
			{animation
				{sequence "break" {file "body_b.anm"}}
			}
			{Matrix34
				1	0	0
				0	0	1
				0	1	0
				8.74067	-0.0609461	18.9959
			}
			{VolumeView "body.ply"}
			{bone "turret"
				{parameters "CommonMesh;ID=turret;"}
				{animation
					{sequence "break" {file "turret_b.anm"}}
				}
				{Matrix34
					0.99885	0.0478601	0.00273132
					0.0016407	0.0228121	-0.999738
					-0.0479099	0.998594	0.0227073
					-29.3645	13.8304	0.480904
				}
				{VolumeView "turret.ply"}
				{bone "gun_rot"
					{parameters "ID=gun;"}
					{animation
						{sequence "break" {file "gun_b.anm"}}
					}
					{Matrix34
						0.9997	-0.0149232	-0.0193997
						0.0201755	0.0537288	0.998352
						-0.0138563	-0.998444	0.0540138
						15.0609	-0.767153	6.6289
					}
					{VolumeView "gun_rot.ply"}
					{bone "gun"
						{parameters "ID=gun;"}
						{Position 6.8016	0.199534	-0.070774}
						{VolumeView "gun.ply"}
					}
				}
				{bone "cover"
					{parameters "ID=turret;"}
					{Matrix34
						1	0	0
						0	0	1
						0	-1	0
						0.141964	-0.171803	11.3036
					}
					{VolumeView "cover.ply"}
				}
			}
			{bone "doorl"
				{parameters "ID=body;"}
				{Matrix34
					0.990621	-0.0470389	-0.128283
					-0.0132148	0.901486	-0.432606
					0.135995	0.430244	0.89241
					3.3817	7.5549	13.8483
				}
				{VolumeView "doorl.ply"}
			}
			{bone "doorr"
				{parameters "ID=body;"}
				{Matrix34
					0.999987	0.00504331	-5.69814e-005
					-0.00448703	0.894733	0.44658
					0.00230322	-0.446574	0.894744
					3.3076	7.86953	-13.4051
				}
				{VolumeView "doorr.ply"}
			}
			{bone "mgun"
				{Matrix34
					0.999876	0.0155643	-0.00256466
					-0.002916	0.0225933	-0.99974
					-0.0155023	0.999624	0.0226358
					8.98727	14.4043	-4.90137
				}
				{VolumeView "mgun.ply"}
			}
			{bone "engine"
				{parameters "CommonMesh;ID=engine;"}
				{animation
					{sequence "break" {file "engine_b.anm"} {speed 0.8}}
				}
				{Matrix34
					0.999876	0.0155639	-0.00256443
					0.00291576	-0.022593	0.99974
					-0.0155019	0.999624	0.0226355
					30.9293	0.809408	-0.0502396
				}
				{VolumeView "engine.ply"}
			}
			{bone "enumerator"
				{Matrix34
					-0.995844	0.00517185	0.0909268
					0.0821119	-0.38089	0.920967
					0.0393962	0.924606	0.378883
					-32.2509	9.37536	-19.1388
				}
				{VolumeView "enumerator.ply"}
			}
			{bone "detail1"
				{Matrix34
					0.996195	0	0.0871562
					0.0225575	0.965926	-0.257834
					-0.0841865	0.258819	0.96225
					16.8384	-7.98541	-19.7725
				}
				{VolumeView "detail1.ply"}
			}
			{bone "detail2"
				{Matrix34
					0.996195	0	-0.0871557
					0.0225572	0.965926	0.257834
					-0.0841861	0.258819	-0.96225
					16.8384	-7.98541	20.3237
				}
				{VolumeView "detail2.ply"}
			}
		}
	}
}
{Volume "wheelleft1"
	{Cylinder 6.14172 4.94505}
	{Bone "wheell1"}
	{Matrix34
		1	0	0
		0	-1	0
		0	0	1
		0.0722964	-0.00633611	-2.3231
	}
}
{Volume "wheelleft2"
	{Cylinder 6.09645 8.46457}
	{Bone "wheell2"}
	{Matrix34
		-1	0	0
		0	1	0
		0	0	-1
		0	-0.198808	0.0554295
	}
}
{Volume "wheelleft3"
	{Cylinder 6.18744 8.89063}
	{Bone "wheell3"}
	{Matrix34
		-1	0	0
		0	1	0
		0	0	-1
		0.095851	-0.211867	0.100371
	}
}
{Volume "wheelright1"
	{Cylinder 6.12356 4.94505}
	{Bone "wheelr1"}
	{Matrix34
		1	0	0
		0	-1	0
		0	0	-1
		0	-0.802723	-2.52506
	}
}
{Volume "wheelright2"
	{Cylinder 6.31685 8.46457}
	{Bone "wheelr2"}
	{Matrix34
		-0.998512	-0.000542095	-0.0545312
		0.000541089	0.999803	-0.0198481
		-0.0545312	0.019848	0.998315
		-0.448898	0.163405	0.176329
	}
}
{Volume "wheelright3"
	{Cylinder 6.18744 8.46457}
	{Bone "wheelr3"}
	{Matrix34
		-1	0	0
		0	1	0
		0	0	1
		-0.136373	0.0655901	0.0801017
	}
}
