;Exported by: butyvsky
;Date:        Tue Feb 21 14:54:57 2006
;File:        D:\-Projects-\-3D Work-\Car\ba11\ba11_xx1.max
{Skeleton
	{bone "basis"
		{parameters "WheelRadius=0.3;"}
		{Orientation
			1	0	0
			0	-1	0
			0	0	1
		}
		{bone "pivot_front"
			{parameters "ID=body;"}
			{Matrix34
				1	0	0
				0	0	1
				0	1	0
				46.9818	0.221251	8.88321
			}
			{VolumeView "pivot_front.ply"}
			{bone "steer_l1"
				{Matrix34
					1	0	0
					0	0	-1
					0	-1	0
					-0.0307012	0.160916	13.0751
				}
			}
			{bone "steer_r1"
				{Matrix34
					1	0	0
					0	0	-1
					0	-1	0
					-0.0307002	0.160922	-13.2995
				}
				{bone "wheelr1"
					{parameters "ID=wheelright1;"}
					{Matrix34
						1	0	0
						0	0.121857	0.992548
						0	-0.992548	0.121857
						0	-0.180476	0.287951
					}
					{VolumeView "wheelr1.ply"}
				}
			}
		}
		{bone "pivot_back"
			{parameters "ID=body;"}
			{Matrix34
				1	0	0
				0	0	1
				0	1	0
				-22.5429	-0.227604	8.39672
			}
			{VolumeView "pivot_back.ply"}
			{bone "wheell2"
				{parameters "ID=wheelleft2;"}
				{Matrix34
					-0.970298	0	-0.241913
					0.0585258	0.970294	-0.234743
					-0.234727	0.241929	0.941474
					10.8942	0.0226688	17.7871
				}
				{VolumeView "wheell2.ply"}
			}
			{bone "wheelr3"
				{parameters "ID=wheelright3;"}
				{Matrix34
					0.509913	-0.853811	0.10486
					-0.732802	-0.494985	-0.466895
					0.450544	0.161234	-0.878074
					-9.51949	0.0226746	-17.3209
				}
				{VolumeView "wheelr3.ply"}
			}
			{bone "wheell3"
				{parameters "ID=wheelleft3;"}
				{Matrix34
					-0.265064	0.923969	-0.275721
					0.963541	0.264631	-0.0394929
					-0.036474	0.276136	0.960426
					-9.51951	0.0226688	17.7871
				}
				{VolumeView "wheell3.ply"}
			}
		}
		{bone "body"
			{parameters "ID=body;"}
			{Matrix34
				0.999876	-0.00256468	0.0155643
				-0.0157586	-0.206257	0.978371
				-0.000701029	0.978495	0.206271
				8.74067	-0.0609461	18.475
			}
			{VolumeView "body.ply"}
			{bone "turret"
				{parameters "ID=turret;"}
				{Matrix34
					0.427372	0.0138627	-0.903969
					-0.903494	-0.0293067	-0.427597
					-0.03242	0.999474	0
					-29.1567	13.6511	0.0971557
				}
				{VolumeView "turret.ply"}
				{bone "gun_rot"
					{parameters "ID=gun;"}
					{Matrix34
						0.992117	-0.0204566	-0.123632
						0.124545	0.051875	0.990857
						-0.0138561	-0.998444	0.0540138
						15.0609	-0.767153	6.62891
					}
					{VolumeView "gun_rot.ply"}
					{bone "gun"
						{parameters "ID=gun;"}
						{Position 6.8016	0.199532	-0.0707738}
						{VolumeView "gun.ply"}
					}
				}
			}
			{bone "doorl"
				{parameters "ID=body;"}
				{Matrix34
					-0.903289	-0.192755	-0.383295
					0.00192737	0.89156	-0.452899
					0.429029	-0.409837	-0.804964
					3.4654	7.94477	13.6809
				}
				{VolumeView "doorl.ply"}
			}
			{bone "doorr"
				{parameters "ID=body;"}
				{Matrix34
					-0.956445	-0.117206	0.267349
					0.00829378	0.904574	0.426236
					-0.291794	0.409888	-0.864203
					3.47377	8.13621	-13.5839
				}
				{VolumeView "doorr.ply"}
			}
			{bone "engine"
				{parameters "ID=engine;"}
				{Matrix34
					1	0	0
					0	0	1
					0	1	0
					31.1438	1.30888	0
				}
				{VolumeView "engine.ply"}
			}
			{bone "enumerator"
				{Matrix34
					-0.995873	0.022666	0.0878825
					0.0738114	-0.361173	0.929573
					0.0528105	0.932223	0.35801
					-32.076	7.88755	-19.4046
				}
				{VolumeView "enumerator.ply"}
			}
			{bone "mgun"
				{Matrix34
					1	0	0
					0	0	-1
					0	1	0
					9.19876	12.5975	-5.16428
				}
				{VolumeView "mgun.ply"}
			}
			{bone "part1"
				{Matrix34
					0.999876	-0.0157587	-0.0007008
					0.0155644	0.978371	0.206271
					-0.00256493	-0.206257	0.978495
					-14.4395	-9.63906	-1.77857
				}
				{VolumeView "part1.ply"}
			}
			{bone "part2"
				{Position 36.1029	-4.28361	13.3153}
				{VolumeView "part2.ply"}
			}
			{bone "part3"
				{Position -31.9136	-0.810419	16.589}
				{VolumeView "part3.ply"}
			}
			{bone "part4"
				{Position 51.0292	-9.81945	-0.00715822}
				{VolumeView "part4.ply"}
			}
			{bone "part5"
				{Position 34.621	1.86024	-10.0198}
				{VolumeView "part5.ply"}
			}
		}
	}
}
{Volume "body1"
	{Polyhedron "body1.vol"}
	{Bone "body"}
	{Matrix34
		1	0	0
		0	0	1
		0	1	0
		2.55163	1.02693	0.0609456
	}
}
{Volume "body2"
	{Polyhedron "body2.vol"}
	{Bone "body"}
	{Matrix34
		1	0	0
		0	0	1
		0	1	0
		2.55163	-12.1694	0.0609464
	}
}
{Volume "engine"
	{Polyhedron "engine.vol"}
	{Bone "engine"}
	{Matrix34
		1	0	0
		0	-1	0
		0	0	-1
		2.0664	0.0609448	0.56884
	}
}
{Volume "gun"
	{Cylinder 1.22177 27.7469}
	{Bone "gun_rot"}
	{Matrix34
		0	0	1
		-0.00201816	0.999998	0
		0.999998	0.00201823	0
		8.85604	0.230229	-0.11277
	}
}
{Volume "part1"
	{Polyhedron "part1.vol"}
	{Bone "part1"}
	{Matrix34
		0	0	-1
		0	1	0
		-1	0	0
		5.5439	-0.0344248	-0.0823182
	}
}
{Volume "part2"
	{Polyhedron "part2.vol"}
	{Bone "part2"}
	{Matrix34
		0.999876	-0.0157587	-0.000700951
		-0.00256478	-0.206257	0.978495
		0.0155644	0.978371	0.206271
		0.00238474	0.191961	-0.910674
	}
}
{Volume "part3"
	{Polyhedron "part3.vol"}
	{Bone "part3"}
	{Matrix34
		0.999876	-0.0157587	-0.000700951
		-0.00256478	-0.206257	0.978495
		0.0155644	0.978371	0.206271
		-0.106787	-6.71261	-1.41523
	}
}
{Volume "part4"
	{Box 2.38095 33.1502 4.7619}
	{Bone "part4"}
	{Matrix34
		0.999876	-0.0157587	-0.00070095
		0.00084123	0.00889682	0.99996
		0.0157519	0.999836	-0.00890895
		8.08567e-005	0.00480088	0.00598784
	}
}
{Volume "part5"
	{Box 29.1209 2.01465 12.4817}
	{Bone "part5"}
	{Matrix34
		0.979498	-0.0563591	0.193412
		-0.198228	-0.440817	0.875435
		-0.0359205	0.895826	0.442952
		-2.44454	0.516297	1.26239
	}
}
{Volume "turret"
	{Polyhedron "turret.vol"}
	{Bone "turret"}
	{Matrix34
		0.999999	0	-0.00164904
		0	-1	0
		0.00164906	0	0.999999
		-0.674807	-0.106094	-0.339293
	}
}
{Volume "wheell2"
	{Cylinder 6.09645 8.46457}
	{Bone "wheell2"}
	{Matrix34
		-1	0	0
		0	1	0
		0	0	-1
		0	-0.198808	0.0554309
	}
}
{Volume "wheell3"
	{Cylinder 6.18744 8.89063}
	{Bone "wheell3"}
	{Matrix34
		-1	0	0
		0	1	0
		0	0	-1
		0.0958501	-0.211868	0.100373
	}
}
{Volume "wheelr1"
	{Cylinder 6.12356 4.94505}
	{Bone "wheelr1"}
	{Matrix34
		1	0	0
		0	-1	0
		0	0	-1
		0	-0.802723	-2.52506
	}
}
{Volume "wheelr3"
	{Cylinder 6.18744 8.46457}
	{Bone "wheelr3"}
	{Matrix34
		-1	0	0
		0	1	0
		0	0	1
		-0.136373	0.0655908	0.0801025
	}
}
